1.5 277.4540100097656
2.5 277.1369934082031
3.5 277.1600036621094
4.5 277.1579895019531
5.5 277.1570129394531
6.5 277.1669921875
7.5 277.1719970703125
8.5 277.1709899902344
9.5 277.17498779296875
10.5 277.1759948730469
11.5 277.1789855957031
12.5 277.1940002441406
13.5 277.197998046875
14.5 277.20098876953125
15.5 277.20098876953125
16.5 277.21099853515625
17.5 277.2170104980469
18.5 277.22100830078125
19.5 277.22601318359375
20.5 277.22698974609375
21.5 277.23199462890625
22.5 277.2340087890625
23.5 277.23699951171875
24.5 277.2449951171875
25.5 277.2489929199219
26.5 277.2560119628906
27.5 277.260009765625
28.5 277.2770080566406
29.5 277.2799987792969
30.5 277.2820129394531
31.5 277.28399658203125
32.5 277.2850036621094
33.5 277.2929992675781
34.5 277.2909851074219
35.5 277.2950134277344
36.5 277.29998779296875
37.5 277.30499267578125
38.5 277.3110046386719
39.5 277.3160095214844
40.5 277.3179931640625
41.5 277.32501220703125
42.5 277.3299865722656
43.5 277.3340148925781
44.5 277.3370056152344
45.5 277.34100341796875
46.5 277.3429870605469
47.5 277.3479919433594
48.5 277.35101318359375
49.5 277.3529968261719
50.5 277.3599853515625
51.5 277.36199951171875
52.5 277.3630065917969
53.5 277.3680114746094
54.5 277.3710021972656
55.5 277.3760070800781
56.5 277.3789978027344
57.5 277.385009765625
58.5 277.3869934082031
59.5 277.3890075683594
60.5 277.3949890136719
61.5 277.3970031738281
62.5 277.4020080566406
63.5 277.406005859375
64.5 277.4079895019531
65.5 277.4169921875
66.5 277.4230041503906
67.5 277.4280090332031
68.5 277.42999267578125
69.5 277.4330139160156
70.5 277.43701171875
71.5 277.4360046386719
72.5 277.43701171875
73.5 277.43701171875
74.5 277.44500732421875
75.5 277.4519958496094
76.5 277.4570007324219
77.5 277.4620056152344
78.5 277.46099853515625
79.5 277.4630126953125
80.5 277.47198486328125
81.5 277.47698974609375
82.5 277.4809875488281
83.5 277.48699951171875
84.5 277.489013671875
85.5 277.49700927734375
86.5 277.5050048828125
87.5 277.5090026855469
88.5 277.5159912109375
89.5 277.5199890136719
90.5 277.52801513671875
91.5 277.5360107421875
92.5 277.5409851074219
93.5 277.5539855957031
94.5 277.55999755859375
95.5 277.5710144042969
96.5 277.5710144042969
97.5 277.5790100097656
98.5 277.5840148925781
99.5 277.59698486328125
100.5 277.6090087890625
101.5 277.6199951171875
102.5 277.62298583984375
103.5 277.6300048828125
104.5 277.63299560546875
105.5 277.635986328125
106.5 277.6449890136719
107.5 277.64300537109375
108.5 277.6510009765625
109.5 277.656005859375
110.5 277.65899658203125
111.5 277.6629943847656
112.5 277.6709899902344
113.5 277.6780090332031
114.5 277.6940002441406
115.5 277.7019958496094
116.5 277.7099914550781
117.5 277.7170104980469
118.5 277.7179870605469
119.5 277.7229919433594
120.5 277.72601318359375
121.5 277.7330017089844
122.5 277.739013671875
123.5 277.7439880371094
124.5 277.74798583984375
125.5 277.75
126.5 277.75799560546875
127.5 277.760986328125
128.5 277.7650146484375
129.5 277.7690124511719
130.5 277.7699890136719
131.5 277.77301025390625
132.5 277.77899169921875
133.5 277.7850036621094
134.5 277.7900085449219
135.5 277.79400634765625
136.5 277.8009948730469
137.5 277.8080139160156
138.5 277.81298828125
139.5 277.8210144042969
140.5 277.8280029296875
141.5 277.8320007324219
142.5 277.8349914550781
143.5 277.84600830078125
144.5 277.8550109863281
145.5 277.8590087890625
146.5 277.8689880371094
147.5 277.8760070800781
148.5 277.8840026855469
149.5 277.8900146484375
150.5 277.8970031738281
151.5 277.9070129394531
152.5 277.9169921875
153.5 277.92401123046875
154.5 277.9339904785156
155.5 277.9460144042969
156.5 277.95599365234375
157.5 277.97698974609375
158.5 277.9840087890625
159.5 278.0
160.5 278.0119934082031
161.5 278.02899169921875
162.5 278.0419921875
163.5 278.05499267578125
164.5 278.0710144042969
165.5 278.0870056152344
166.5 278.1099853515625
167.5 278.1239929199219
168.5 278.13800048828125
169.5 278.1549987792969
170.5 278.1719970703125
171.5 278.1940002441406
172.5 278.21099853515625
173.5 278.2330017089844
174.5 278.2569885253906
175.5 278.27801513671875
176.5 278.2980041503906
177.5 278.3210144042969
178.5 278.3399963378906
179.5 278.3630065917969
180.5 278.3840026855469
181.5 278.40399169921875
182.5 278.4150085449219
183.5 278.4320068359375
184.5 278.4549865722656
185.5 278.4830017089844
186.5 278.50799560546875
187.5 278.5199890136719
188.5 278.5429992675781
189.5 278.5610046386719
190.5 278.5799865722656
191.5 278.5989990234375
192.5 278.635009765625
193.5 278.6610107421875
194.5 278.6809997558594
195.5 278.7120056152344
196.5 278.7349853515625
197.5 278.7650146484375
198.5 278.78900146484375
199.5 278.8160095214844
200.5 278.8450012207031
201.5 278.87701416015625
202.5 278.9010009765625
203.5 278.9360046386719
204.5 278.9570007324219
205.5 278.9859924316406
206.5 279.02099609375
207.5 279.0509948730469
208.5 279.0880126953125
209.5 279.114013671875
210.5 279.1369934082031
211.5 279.16400146484375
212.5 279.18701171875
213.5 279.2120056152344
214.5 279.23699951171875
215.5 279.260986328125
216.5 279.2820129394531
217.5 279.3059997558594
218.5 279.3340148925781
219.5 279.3529968261719
220.5 279.3789978027344
221.5 279.40399169921875
222.5 279.4289855957031
223.5 279.4519958496094
224.5 279.4739990234375
225.5 279.49700927734375
226.5 279.5159912109375
227.5 279.5329895019531
228.5 279.5539855957031
229.5 279.5780029296875
230.5 279.60198974609375
231.5 279.625
232.5 279.64599609375
233.5 279.6669921875
234.5 279.6929931640625
235.5 279.7170104980469
236.5 279.739013671875
237.5 279.7489929199219
238.5 279.7699890136719
239.5 279.7879943847656
240.5 279.8059997558594
241.5 279.82501220703125
242.5 279.8349914550781
243.5 279.84600830078125
244.5 279.8550109863281
245.5 279.8630065917969
246.5 279.87701416015625
247.5 279.8919982910156
248.5 279.9110107421875
249.5 279.9150085449219
250.5 279.9280090332031
251.5 279.9519958496094
252.5 279.9739990234375
253.5 279.98699951171875
254.5 279.9939880371094
255.5 279.99798583984375
256.5 280.0069885253906
257.5 280.0119934082031
258.5 280.031005859375
259.5 280.03900146484375
260.5 280.0459899902344
261.5 280.0589904785156
262.5 280.0559997558594
263.5 280.07000732421875
264.5 280.072998046875
265.5 280.07598876953125
266.5 280.08599853515625
267.5 280.09698486328125
268.5 280.1090087890625
269.5 280.12298583984375
270.5 280.12200927734375
271.5 280.1419982910156
272.5 280.1499938964844
273.5 280.1610107421875
274.5 280.1719970703125
275.5 280.1809997558594
276.5 280.18701171875
277.5 280.1969909667969
278.5 280.2070007324219
279.5 280.2040100097656
280.5 280.21600341796875
281.5 280.2130126953125
282.5 280.22198486328125
283.5 280.2279968261719
284.5 280.2300109863281
285.5 280.2309875488281
286.5 280.2349853515625
287.5 280.2449951171875
288.5 280.24200439453125
289.5 280.2430114746094
290.5 280.23699951171875
291.5 280.24200439453125
292.5 280.2349853515625
293.5 280.2430114746094
294.5 280.2330017089844
295.5 280.2349853515625
296.5 280.2359924316406
297.5 280.239990234375
298.5 280.2250061035156
299.5 280.21099853515625
300.5 280.20599365234375
301.5 280.2090148925781
302.5 280.21099853515625
303.5 280.2099914550781
304.5 280.2070007324219
305.5 280.20599365234375
306.5 280.2080078125
307.5 280.2030029296875
308.5 280.1960144042969
309.5 280.1969909667969
310.5 280.1960144042969
311.5 280.1929931640625
312.5 280.19000244140625
313.5 280.1919860839844
314.5 280.1709899902344
315.5 280.16900634765625
316.5 280.1570129394531
317.5 280.156005859375
318.5 280.14801025390625
319.5 280.1400146484375
320.5 280.1260070800781
321.5 280.125
322.5 280.1180114746094
323.5 280.1099853515625
324.5 280.10101318359375
325.5 280.0870056152344
326.5 280.0799865722656
327.5 280.0880126953125
328.5 280.0870056152344
329.5 280.0799865722656
330.5 280.06500244140625
331.5 280.0570068359375
332.5 280.0480041503906
333.5 280.0350036621094
334.5 280.0249938964844
335.5 280.0069885253906
336.5 279.9930114746094
337.5 279.9750061035156
338.5 279.9649963378906
339.5 279.9490051269531
340.5 279.9259948730469
341.5 279.91900634765625
342.5 279.8900146484375
343.5 279.875
344.5 279.8500061035156
345.5 279.8330078125
346.5 279.8269958496094
347.5 279.81298828125
348.5 279.8059997558594
349.5 279.7879943847656
350.5 279.7799987792969
351.5 279.760986328125
352.5 279.75201416015625
353.5 279.7340087890625
354.5 279.72601318359375
355.5 279.7170104980469
356.5 279.70001220703125
357.5 279.6679992675781
358.5 279.6440124511719
359.5 279.614013671875
360.5 279.5880126953125
361.5 279.5589904785156
362.5 279.5320129394531
363.5 279.4960021972656
364.5 279.46600341796875
365.5 279.4410095214844
366.5 279.4200134277344
367.5 279.3999938964844
368.5 279.37298583984375
369.5 279.35101318359375
370.5 279.33099365234375
371.5 279.3070068359375
372.5 279.2760009765625
373.5 279.2489929199219
374.5 279.2229919433594
375.5 279.2200012207031
376.5 279.20599365234375
377.5 279.1940002441406
378.5 279.1809997558594
379.5 279.1669921875
380.5 279.1440124511719
381.5 279.1369934082031
382.5 279.114013671875
383.5 279.1080017089844
384.5 279.09698486328125
385.5 279.08599853515625
386.5 279.0710144042969
387.5 279.05499267578125
388.5 279.0369873046875
389.5 279.0169982910156
390.5 279.0169982910156
391.5 279.0060119628906
392.5 278.98699951171875
393.5 278.9800109863281
394.5 278.9739990234375
395.5 278.9599914550781
396.5 278.9419860839844
397.5 278.93798828125
398.5 278.906005859375
399.5 278.8840026855469
400.5 278.8800048828125
401.5 278.864013671875
402.5 278.84600830078125
403.5 278.8330078125
404.5 278.8320007324219
405.5 278.8349914550781
406.5 278.8399963378906
407.5 278.83599853515625
408.5 278.8389892578125
409.5 278.8399963378906
410.5 278.8290100097656
411.5 278.8210144042969
412.5 278.8139953613281
413.5 278.8169860839844
414.5 278.8039855957031
415.5 278.78900146484375
416.5 278.7749938964844
417.5 278.760009765625
418.5 278.7539978027344
419.5 278.718994140625
420.5 278.7030029296875
421.5 278.6919860839844
422.5 278.6700134277344
423.5 278.6549987792969
424.5 278.6409912109375
425.5 278.62701416015625
426.5 278.6080017089844
427.5 278.5929870605469
428.5 278.5719909667969
429.5 278.5580139160156
430.5 278.54400634765625
431.5 278.5220031738281
432.5 278.49798583984375
433.5 278.4729919433594
434.5 278.4549865722656
435.5 278.4259948730469
436.5 278.39599609375
437.5 278.3689880371094
438.5 278.35101318359375
439.5 278.31298828125
440.5 278.2869873046875
441.5 278.26800537109375
442.5 278.2510070800781
443.5 278.23199462890625
444.5 278.22601318359375
445.5 278.2200012207031
446.5 278.19000244140625
447.5 278.17999267578125
448.5 278.1510009765625
449.5 278.1369934082031
450.5 278.1189880371094
451.5 278.10198974609375
452.5 278.0830078125
453.5 278.0509948730469
454.5 278.0260009765625
455.5 278.010009765625
456.5 277.9849853515625
457.5 277.97100830078125
458.5 277.9490051269531
459.5 277.92498779296875
460.5 277.8970031738281
461.5 277.88299560546875
462.5 277.864990234375
463.5 277.8450012207031
464.5 277.8160095214844
465.5 277.79998779296875
466.5 277.7770080566406
467.5 277.7590026855469
468.5 277.7380065917969
469.5 277.7130126953125
470.5 277.6929931640625
471.5 277.67401123046875
472.5 277.6440124511719
473.5 277.6289978027344
474.5 277.6109924316406
475.5 277.5899963378906
476.5 277.5610046386719
477.5 277.5329895019531
478.5 277.5169982910156
479.5 277.4960021972656
480.5 277.4849853515625
481.5 277.4800109863281
482.5 277.4639892578125
483.5 277.4590148925781
484.5 277.4490051269531
485.5 277.4440002441406
486.5 277.427001953125
487.5 277.4010009765625
488.5 277.37799072265625
489.5 277.3699951171875
490.5 277.3529968261719
491.5 277.3479919433594
492.5 277.33099365234375
493.5 277.3110046386719
494.5 277.29901123046875
495.5 277.2770080566406
496.5 277.2640075683594
497.5 277.25799560546875
498.5 277.239013671875
499.5 277.2349853515625
500.5 277.2170104980469
501.5 277.20599365234375
502.5 277.1919860839844
503.5 277.1860046386719
504.5 277.1719970703125
505.5 277.1579895019531
506.5 277.1409912109375
507.5 277.1369934082031
508.5 277.12200927734375
509.5 277.1159973144531
510.5 277.1099853515625
511.5 277.0989990234375
512.5 277.0840148925781
513.5 277.0719909667969
514.5 277.06298828125
515.5 277.052001953125
516.5 277.0480041503906
517.5 277.0409851074219
518.5 277.0329895019531
519.5 277.0260009765625
520.5 277.02398681640625
521.5 277.0150146484375
522.5 277.010009765625
523.5 277.0090026855469
524.5 277.0039978027344
525.5 277.010986328125
526.5 277.0119934082031
527.5 277.0150146484375
528.5 277.0159912109375
529.5 277.01300048828125
530.5 277.0140075683594
531.5 277.01300048828125
532.5 277.01300048828125
533.5 277.0360107421875
534.5 277.0450134277344
535.5 277.0530090332031
536.5 277.0559997558594
537.5 277.05499267578125
538.5 277.06298828125
539.5 277.0570068359375
540.5 277.0570068359375
541.5 277.0740051269531
542.5 277.07000732421875
543.5 277.07598876953125
544.5 277.0920104980469
545.5 277.093994140625
546.5 277.0950012207031
547.5 277.1090087890625
548.5 277.11199951171875
549.5 277.11199951171875
550.5 277.1300048828125
551.5 277.135986328125
552.5 277.125
553.5 277.12200927734375
554.5 277.114013671875
555.5 277.1310119628906
556.5 277.12701416015625
557.5 277.1239929199219
558.5 277.12298583984375
559.5 277.1310119628906
560.5 277.1310119628906
561.5 277.1319885253906
562.5 277.14599609375
563.5 277.1390075683594
564.5 277.1390075683594
565.5 277.1400146484375
566.5 277.14801025390625
567.5 277.14599609375
568.5 277.14599609375
569.5 277.15301513671875
570.5 277.1499938964844
571.5 277.14599609375
572.5 277.1549987792969
573.5 277.1610107421875
574.5 277.15899658203125
575.5 277.16900634765625
576.5 277.1730041503906
577.5 277.1780090332031
578.5 277.1809997558594
579.5 277.1910095214844
580.5 277.1940002441406
581.5 277.197998046875
582.5 277.2120056152344
583.5 277.22601318359375
584.5 277.2409973144531
585.5 277.2619934082031
586.5 277.2770080566406
587.5 277.2919921875
588.5 277.3030090332031
589.5 277.322998046875
590.5 277.3349914550781
591.5 277.34698486328125
592.5 277.3659973144531
593.5 277.3810119628906
594.5 277.40301513671875
595.5 277.42498779296875
596.5 277.42999267578125
597.5 277.4360046386719
598.5 277.4460144042969
599.5 277.4700012207031
600.5 277.4880065917969
601.5 277.50799560546875
602.5 277.5140075683594
603.5 277.52899169921875
604.5 277.54998779296875
605.5 277.57598876953125
606.5 277.59100341796875
607.5 277.6050109863281
608.5 277.6189880371094
609.5 277.635986328125
610.5 277.656005859375
611.5 277.67401123046875
612.5 277.68701171875
613.5 277.7019958496094
614.5 277.72198486328125
615.5 277.7439880371094
616.5 277.77301025390625
617.5 277.78900146484375
618.5 277.8070068359375
619.5 277.82598876953125
620.5 277.85101318359375
621.5 277.87298583984375
622.5 277.885986328125
623.5 277.9100036621094
624.5 277.92999267578125
625.5 277.95599365234375
626.5 277.9729919433594
627.5 277.98199462890625
628.5 278.0090026855469
629.5 278.02801513671875
630.5 278.04998779296875
631.5 278.0710144042969
632.5 278.0889892578125
633.5 278.1059875488281
634.5 278.1189880371094
635.5 278.1449890136719
636.5 278.1600036621094
637.5 278.1709899902344
638.5 278.18499755859375
639.5 278.1889953613281
640.5 278.2040100097656
641.5 278.22198486328125
642.5 278.23699951171875
643.5 278.25299072265625
644.5 278.2659912109375
645.5 278.281005859375
646.5 278.2950134277344
647.5 278.3070068359375
648.5 278.3179931640625
649.5 278.3330078125
650.5 278.35101318359375
651.5 278.36199951171875
652.5 278.38299560546875
653.5 278.3919982910156
654.5 278.40301513671875
655.5 278.41400146484375
656.5 278.427001953125
657.5 278.43701171875
658.5 278.4460144042969
659.5 278.45599365234375
660.5 278.4620056152344
661.5 278.47900390625
662.5 278.489990234375
663.5 278.5010070800781
664.5 278.5090026855469
665.5 278.5249938964844
666.5 278.52801513671875
667.5 278.53900146484375
668.5 278.5559997558594
669.5 278.5710144042969
670.5 278.58099365234375
671.5 278.5889892578125
672.5 278.5950012207031
673.5 278.60101318359375
674.5 278.6080017089844
675.5 278.6260070800781
676.5 278.6369934082031
677.5 278.6400146484375
678.5 278.64898681640625
679.5 278.6600036621094
680.5 278.6650085449219
681.5 278.67401123046875
682.5 278.6830139160156
683.5 278.6889953613281
684.5 278.6969909667969
685.5 278.71600341796875
686.5 278.72601318359375
687.5 278.7349853515625
688.5 278.7409973144531
689.5 278.7550048828125
690.5 278.7690124511719
691.5 278.781005859375
692.5 278.79901123046875
693.5 278.79901123046875
694.5 278.80999755859375
695.5 278.8139953613281
696.5 278.8240051269531
697.5 278.8280029296875
698.5 278.8320007324219
699.5 278.8399963378906
700.5 278.8500061035156
701.5 278.8609924316406
702.5 278.8739929199219
703.5 278.8819885253906
704.5 278.8900146484375
705.5 278.9010009765625
706.5 278.90301513671875
707.5 278.9100036621094
708.5 278.9200134277344
709.5 278.927001953125
710.5 278.9360046386719
711.5 278.9519958496094
712.5 278.9580078125
713.5 278.9630126953125
714.5 278.9739990234375
715.5 278.98199462890625
716.5 278.989013671875
717.5 278.99798583984375
718.5 279.0039978027344
719.5 279.0090026855469
720.5 279.0140075683594
721.5 279.0249938964844
722.5 279.0299987792969
723.5 279.0360107421875
724.5 279.0409851074219
725.5 279.04901123046875
726.5 279.0509948730469
727.5 279.05499267578125
728.5 279.06298828125
729.5 279.07000732421875
730.5 279.072998046875
731.5 279.08099365234375
732.5 279.0880126953125
733.5 279.0979919433594
734.5 279.1080017089844
735.5 279.114990234375
736.5 279.114990234375
737.5 279.12200927734375
738.5 279.1210021972656
739.5 279.12701416015625
740.5 279.1310119628906
741.5 279.1369934082031
742.5 279.1419982910156
743.5 279.14599609375
744.5 279.15399169921875
745.5 279.1610107421875
746.5 279.1719970703125
747.5 279.1780090332031
748.5 279.1929931640625
749.5 279.2030029296875
750.5 279.2070007324219
751.5 279.2130126953125
752.5 279.2139892578125
753.5 279.22698974609375
754.5 279.2309875488281
755.5 279.2340087890625
756.5 279.24700927734375
757.5 279.25799560546875
758.5 279.26800537109375
759.5 279.27301025390625
760.5 279.27801513671875
761.5 279.2879943847656
762.5 279.29400634765625
763.5 279.2959899902344
764.5 279.3009948730469
765.5 279.3030090332031
766.5 279.3059997558594
767.5 279.3110046386719
768.5 279.31298828125
769.5 279.32000732421875
770.5 279.3219909667969
771.5 279.3240051269531
772.5 279.3280029296875
773.5 279.3269958496094
774.5 279.32598876953125
775.5 279.3240051269531
776.5 279.3269958496094
777.5 279.3330078125
778.5 279.3450012207031
779.5 279.3489990234375
780.5 279.34698486328125
781.5 279.3429870605469
782.5 279.34100341796875
783.5 279.3420104980469
784.5 279.3380126953125
785.5 279.34100341796875
786.5 279.3370056152344
787.5 279.3349914550781
788.5 279.3280029296875
789.5 279.32598876953125
790.5 279.3160095214844
791.5 279.3160095214844
792.5 279.3110046386719
793.5 279.3080139160156
794.5 279.2950134277344
795.5 279.29400634765625
796.5 279.29400634765625
797.5 279.2879943847656
798.5 279.2820129394531
799.5 279.2770080566406
800.5 279.2799987792969
801.5 279.27398681640625
802.5 279.2720031738281
803.5 279.27301025390625
804.5 279.27301025390625
805.5 279.2760009765625
806.5 279.281005859375
807.5 279.2829895019531
808.5 279.2850036621094
809.5 279.2929992675781
810.5 279.2950134277344
811.5 279.2980041503906
812.5 279.302001953125
813.5 279.3030090332031
814.5 279.30499267578125
815.5 279.3070068359375
816.5 279.3110046386719
817.5 279.31298828125
818.5 279.31500244140625
819.5 279.32000732421875
820.5 279.3190002441406
821.5 279.3240051269531
822.5 279.32501220703125
823.5 279.32598876953125
824.5 279.32598876953125
825.5 279.322998046875
826.5 279.322998046875
827.5 279.3210144042969
828.5 279.3219909667969
829.5 279.322998046875
830.5 279.32598876953125
831.5 279.32598876953125
832.5 279.32598876953125
833.5 279.3240051269531
834.5 279.3290100097656
835.5 279.3240051269531
836.5 279.32501220703125
837.5 279.322998046875
838.5 279.3269958496094
839.5 279.3290100097656
840.5 279.3340148925781
841.5 279.3340148925781
842.5 279.3340148925781
843.5 279.3389892578125
844.5 279.3489990234375
845.5 279.3489990234375
846.5 279.35198974609375
847.5 279.3489990234375
848.5 279.3489990234375
849.5 279.35198974609375
850.5 279.3550109863281
851.5 279.3529968261719
852.5 279.3550109863281
853.5 279.35198974609375
854.5 279.35198974609375
855.5 279.3500061035156
856.5 279.3479919433594
857.5 279.34600830078125
858.5 279.3489990234375
859.5 279.3479919433594
860.5 279.34698486328125
861.5 279.35101318359375
862.5 279.3450012207031
863.5 279.34698486328125
864.5 279.3479919433594
865.5 279.34698486328125
866.5 279.33599853515625
867.5 279.32598876953125
868.5 279.3169860839844
869.5 279.3139953613281
870.5 279.31201171875
871.5 279.3080139160156
872.5 279.3059997558594
873.5 279.3030090332031
874.5 279.2850036621094
875.5 279.2760009765625
876.5 279.2690124511719
877.5 279.2590026855469
878.5 279.25201416015625
879.5 279.2380065917969
880.5 279.22698974609375
881.5 279.2239990234375
882.5 279.21600341796875
883.5 279.2040100097656
884.5 279.1910095214844
885.5 279.18499755859375
886.5 279.1700134277344
887.5 279.1579895019531
888.5 279.1470031738281
889.5 279.14801025390625
890.5 279.1400146484375
891.5 279.1289978027344
892.5 279.12200927734375
893.5 279.1090087890625
894.5 279.0979919433594
895.5 279.08599853515625
896.5 279.0780029296875
897.5 279.07000732421875
898.5 279.05499267578125
899.5 279.0450134277344
900.5 279.0379943847656
901.5 279.02099609375
902.5 279.0150146484375
903.5 279.00201416015625
904.5 278.9939880371094
905.5 278.989013671875
906.5 278.9809875488281
907.5 278.96099853515625
908.5 278.95001220703125
909.5 278.93798828125
910.5 278.92999267578125
911.5 278.9179992675781
912.5 278.90899658203125
913.5 278.89898681640625
914.5 278.8940124511719
915.5 278.88299560546875
916.5 278.8710021972656
917.5 278.8659973144531
918.5 278.85699462890625
919.5 278.8489990234375
920.5 278.83099365234375
921.5 278.8169860839844
922.5 278.8039855957031
923.5 278.7919921875
924.5 278.78399658203125
925.5 278.7720031738281
926.5 278.76800537109375
927.5 278.75299072265625
928.5 278.74200439453125
929.5 278.739990234375
930.5 278.7229919433594
931.5 278.7130126953125
932.5 278.7040100097656
933.5 278.6960144042969
934.5 278.6839904785156
935.5 278.6789855957031
936.5 278.6730041503906
937.5 278.6579895019531
938.5 278.64898681640625
939.5 278.6440124511719
940.5 278.6390075683594
941.5 278.6300048828125
942.5 278.62200927734375
943.5 278.61700439453125
944.5 278.6109924316406
945.5 278.614990234375
946.5 278.6239929199219
947.5 278.6300048828125
948.5 278.635009765625
949.5 278.635009765625
950.5 278.6400146484375
951.5 278.6520080566406
952.5 278.65301513671875
953.5 278.6610107421875
954.5 278.6719970703125
955.5 278.6990051269531
956.5 278.7080078125
957.5 278.718994140625
958.5 278.72698974609375
959.5 278.7349853515625
960.5 278.75
961.5 278.7569885253906
962.5 278.76300048828125
963.5 278.7749938964844
964.5 278.7869873046875
965.5 278.7959899902344
966.5 278.80999755859375
967.5 278.82000732421875
968.5 278.8389892578125
969.5 278.85400390625
970.5 278.8900146484375
971.5 278.9070129394531
972.5 278.9230041503906
973.5 278.9490051269531
974.5 278.9599914550781
975.5 278.9630126953125
976.5 278.97198486328125
977.5 278.9779968261719
978.5 278.9859924316406
979.5 278.9960021972656
980.5 279.0060119628906
981.5 279.00799560546875
982.5 279.02398681640625
983.5 279.0379943847656
984.5 279.0570068359375
985.5 279.0690002441406
986.5 279.0920104980469
987.5 279.114990234375
988.5 279.14801025390625
989.5 279.16900634765625
990.5 279.1830139160156
991.5 279.20098876953125
992.5 279.2170104980469
993.5 279.2409973144531
994.5 279.2619934082031
995.5 279.27801513671875
996.5 279.29400634765625
997.5 279.3139953613281
998.5 279.3389892578125
999.5 279.3580017089844
1000.5 279.3819885253906
1001.5 279.40399169921875
1002.5 279.4259948730469
1003.5 279.447998046875
1004.5 279.47698974609375
1005.5 279.4989929199219
1006.5 279.52398681640625
1007.5 279.5409851074219
1008.5 279.55999755859375
1009.5 279.5790100097656
1010.5 279.60101318359375
1011.5 279.6300048828125
1012.5 279.6610107421875
1013.5 279.6919860839844
1014.5 279.7300109863281
1015.5 279.760009765625
1016.5 279.7950134277344
1017.5 279.8280029296875
1018.5 279.8599853515625
1019.5 279.8919982910156
1020.5 279.9169921875
1021.5 279.9490051269531
1022.5 279.9840087890625
1023.5 280.01800537109375
1024.5 280.052001953125
1025.5 280.0870056152344
1026.5 280.1260070800781
1027.5 280.16400146484375
1028.5 280.20001220703125
1029.5 280.2359924316406
1030.5 280.2760009765625
1031.5 280.31298828125
1032.5 280.3529968261719
1033.5 280.3949890136719
1034.5 280.43701171875
1035.5 280.4800109863281
1036.5 280.5140075683594
1037.5 280.5539855957031
1038.5 280.59100341796875
1039.5 280.6319885253906
1040.5 280.67401123046875
1041.5 280.7099914550781
1042.5 280.7539978027344
1043.5 280.7929992675781
1044.5 280.8349914550781
1045.5 280.8760070800781
1046.5 280.9129943847656
1047.5 280.9549865722656
1048.5 280.9909973144531
1049.5 281.03399658203125
1050.5 281.0790100097656
1051.5 281.12799072265625
1052.5 281.1730041503906
1053.5 281.2179870605469
1054.5 281.27301025390625
1055.5 281.3280029296875
1056.5 281.3710021972656
1057.5 281.4179992675781
1058.5 281.4599914550781
1059.5 281.5119934082031
1060.5 281.5570068359375
1061.5 281.60101318359375
1062.5 281.6409912109375
1063.5 281.68499755859375
1064.5 281.72900390625
1065.5 281.76800537109375
1066.5 281.802001953125
1067.5 281.8380126953125
1068.5 281.87298583984375
1069.5 281.9100036621094
1070.5 281.947998046875
1071.5 281.9830017089844
1072.5 282.02301025390625
1073.5 282.0610046386719
1074.5 282.09698486328125
1075.5 282.13299560546875
1076.5 282.1730041503906
1077.5 282.2070007324219
1078.5 282.2449951171875
1079.5 282.2820129394531
1080.5 282.3139953613281
1081.5 282.3500061035156
1082.5 282.3840026855469
1083.5 282.4159851074219
1084.5 282.45001220703125
1085.5 282.4830017089844
1086.5 282.51300048828125
1087.5 282.5469970703125
1088.5 282.5780029296875
1089.5 282.60699462890625
1090.5 282.6470031738281
1091.5 282.67999267578125
1092.5 282.7070007324219
1093.5 282.7380065917969
1094.5 282.77301025390625
1095.5 282.8039855957031
1096.5 282.8320007324219
1097.5 282.8609924316406
1098.5 282.8819885253906
1099.5 282.9150085449219
1100.5 282.9469909667969
1101.5 282.968994140625
1102.5 282.9960021972656
1103.5 283.02099609375
1104.5 283.0480041503906
1105.5 283.0769958496094
1106.5 283.1050109863281
1107.5 283.135009765625
1108.5 283.1669921875
1109.5 283.1929931640625
1110.5 283.2130126953125
1111.5 283.23199462890625
1112.5 283.2510070800781
1113.5 283.2760009765625
1114.5 283.3059997558594
1115.5 283.33099365234375
1116.5 283.3559875488281
1117.5 283.3800048828125
1118.5 283.4010009765625
1119.5 283.4200134277344
1120.5 283.447998046875
1121.5 283.4729919433594
1122.5 283.4939880371094
1123.5 283.5169982910156
1124.5 283.5429992675781
1125.5 283.56500244140625
1126.5 283.5870056152344
1127.5 283.6099853515625
1128.5 283.6310119628906
1129.5 283.6549987792969
1130.5 283.67498779296875
1131.5 283.6990051269531
1132.5 283.718994140625
1133.5 283.739013671875
1134.5 283.75799560546875
1135.5 283.77899169921875
1136.5 283.7950134277344
1137.5 283.8139953613281
1138.5 283.83599853515625
1139.5 283.85400390625
1140.5 283.87701416015625
1141.5 283.89300537109375
1142.5 283.9129943847656
1143.5 283.9289855957031
1144.5 283.947998046875
1145.5 283.96099853515625
1146.5 283.98199462890625
1147.5 283.9989929199219
1148.5 284.010009765625
1149.5 284.02801513671875
1150.5 284.0480041503906
1151.5 284.0580139160156
1152.5 284.0710144042969
1153.5 284.09600830078125
1154.5 284.11199951171875
1155.5 284.125
1156.5 284.1310119628906
1157.5 284.1409912109375
1158.5 284.1520080566406
1159.5 284.1579895019531
1160.5 284.1650085449219
1161.5 284.16400146484375
1162.5 284.16400146484375
1163.5 284.1659851074219
1164.5 284.1679992675781
1165.5 284.16900634765625
1166.5 284.16900634765625
1167.5 284.1679992675781
1168.5 284.16400146484375
1169.5 284.1669921875
1170.5 284.1650085449219
1171.5 284.1650085449219
1172.5 284.16400146484375
1173.5 284.15899658203125
1174.5 284.16400146484375
1175.5 284.16400146484375
1176.5 284.1659851074219
1177.5 284.1650085449219
1178.5 284.16400146484375
1179.5 284.1600036621094
1180.5 284.1570129394531
1181.5 284.156005859375
1182.5 284.1499938964844
1183.5 284.1449890136719
1184.5 284.12799072265625
1185.5 284.0979919433594
1186.5 284.07000732421875
1187.5 284.05499267578125
1188.5 284.0450134277344
1189.5 284.0220031738281
1190.5 283.9989929199219
1191.5 283.9670104980469
1192.5 283.9419860839844
1193.5 283.92401123046875
1194.5 283.89599609375
1195.5 283.8760070800781
1196.5 283.84600830078125
1197.5 283.8160095214844
1198.5 283.7969970703125
1199.5 283.7690124511719
1200.5 283.7439880371094
1201.5 283.72601318359375
1202.5 283.6990051269531
1203.5 283.6789855957031
1204.5 283.6610107421875
1205.5 283.64599609375
1206.5 283.6300048828125
1207.5 283.6109924316406
1208.5 283.5889892578125
1209.5 283.5660095214844
1210.5 283.5450134277344
1211.5 283.5199890136719
1212.5 283.49798583984375
1213.5 283.4729919433594
1214.5 283.4519958496094
1215.5 283.4230041503906
1216.5 283.3999938964844
1217.5 283.3710021972656
1218.5 283.3420104980469
1219.5 283.3110046386719
1220.5 283.2820129394531
1221.5 283.2560119628906
1222.5 283.2250061035156
1223.5 283.19500732421875
1224.5 283.17498779296875
1225.5 283.1520080566406
1226.5 283.12799072265625
1227.5 283.1059875488281
1228.5 283.0889892578125
1229.5 283.05999755859375
1230.5 283.03399658203125
1231.5 283.0140075683594
1232.5 282.9960021972656
1233.5 282.9830017089844
1234.5 282.9540100097656
1235.5 282.9320068359375
1236.5 282.9119873046875
1237.5 282.8890075683594
1238.5 282.8580017089844
1239.5 282.8349914550781
1240.5 282.81500244140625
1241.5 282.7900085449219
1242.5 282.75799560546875
1243.5 282.7239990234375
1244.5 282.697998046875
1245.5 282.6700134277344
1246.5 282.64300537109375
1247.5 282.6130065917969
1248.5 282.5840148925781
1249.5 282.5509948730469
1250.5 282.5169982910156
1251.5 282.4779968261719
1252.5 282.4460144042969
1253.5 282.4200134277344
1254.5 282.3940124511719
1255.5 282.3590087890625
1256.5 282.3330078125
1257.5 282.29901123046875
1258.5 282.27301025390625
1259.5 282.2330017089844
1260.5 282.2019958496094
1261.5 282.1730041503906
1262.5 282.1419982910156
1263.5 282.114013671875
1264.5 282.08599853515625
1265.5 282.05999755859375
1266.5 282.02801513671875
1267.5 282.0039978027344
1268.5 281.9840087890625
1269.5 281.9670104980469
1270.5 281.94000244140625
1271.5 281.9289855957031
1272.5 281.9100036621094
1273.5 281.88800048828125
1274.5 281.8699951171875
1275.5 281.8599853515625
1276.5 281.843994140625
1277.5 281.8349914550781
1278.5 281.8169860839844
1279.5 281.79901123046875
1280.5 281.7869873046875
1281.5 281.781005859375
1282.5 281.77398681640625
1283.5 281.760986328125
1284.5 281.7449951171875
1285.5 281.72198486328125
1286.5 281.7070007324219
1287.5 281.697998046875
1288.5 281.6860046386719
1289.5 281.6709899902344
1290.5 281.656005859375
1291.5 281.635009765625
1292.5 281.614990234375
1293.5 281.6050109863281
1294.5 281.59600830078125
1295.5 281.59100341796875
1296.5 281.58099365234375
1297.5 281.57501220703125
1298.5 281.5639953613281
1299.5 281.5589904785156
1300.5 281.5539855957031
1301.5 281.5419921875
1302.5 281.5379943847656
1303.5 281.5299987792969
1304.5 281.52398681640625
1305.5 281.5169982910156
1306.5 281.5119934082031
1307.5 281.50299072265625
1308.5 281.4939880371094
1309.5 281.48699951171875
1310.5 281.4809875488281
1311.5 281.47100830078125
1312.5 281.4540100097656
1313.5 281.43499755859375
1314.5 281.4200134277344
1315.5 281.3940124511719
1316.5 281.3760070800781
1317.5 281.3559875488281
1318.5 281.3280029296875
1319.5 281.29400634765625
1320.5 281.27801513671875
1321.5 281.2590026855469
1322.5 281.23699951171875
1323.5 281.23199462890625
1324.5 281.2170104980469
1325.5 281.2049865722656
1326.5 281.20001220703125
1327.5 281.1969909667969
1328.5 281.1820068359375
1329.5 281.1669921875
1330.5 281.1669921875
1331.5 281.16400146484375
1332.5 281.1619873046875
1333.5 281.156005859375
1334.5 281.1659851074219
1335.5 281.16400146484375
1336.5 281.1719970703125
1337.5 281.17401123046875
1338.5 281.1629943847656
1339.5 281.1600036621094
1340.5 281.156005859375
1341.5 281.1390075683594
1342.5 281.11700439453125
1343.5 281.0870056152344
1344.5 281.06298828125
1345.5 281.0459899902344
1346.5 281.0270080566406
1347.5 281.0169982910156
1348.5 281.0140075683594
1349.5 281.0060119628906
1350.5 280.9960021972656
1351.5 280.989990234375
1352.5 280.9849853515625
1353.5 280.9849853515625
1354.5 280.9859924316406
1355.5 280.98199462890625
1356.5 280.97900390625
1357.5 280.9700012207031
1358.5 280.9630126953125
1359.5 280.9490051269531
1360.5 280.9339904785156
1361.5 280.9209899902344
1362.5 280.9129943847656
1363.5 280.89898681640625
1364.5 280.8789978027344
1365.5 280.864013671875
1366.5 280.8340148925781
1367.5 280.8240051269531
1368.5 280.8110046386719
1369.5 280.7980041503906
1370.5 280.7749938964844
1371.5 280.7590026855469
1372.5 280.7460021972656
1373.5 280.73199462890625
1374.5 280.7170104980469
1375.5 280.7049865722656
1376.5 280.6910095214844
1377.5 280.67999267578125
1378.5 280.6700134277344
1379.5 280.6619873046875
1380.5 280.6499938964844
1381.5 280.63800048828125
1382.5 280.6340026855469
1383.5 280.635986328125
1384.5 280.635986328125
1385.5 280.6310119628906
1386.5 280.6260070800781
1387.5 280.6300048828125
1388.5 280.62701416015625
1389.5 280.6109924316406
1390.5 280.60198974609375
1391.5 280.6050109863281
1392.5 280.59600830078125
1393.5 280.5849914550781
1394.5 280.5679931640625
1395.5 280.552001953125
1396.5 280.5400085449219
1397.5 280.51800537109375
1398.5 280.4989929199219
1399.5 280.4830017089844
1400.5 280.4639892578125
1401.5 280.44500732421875
1402.5 280.42498779296875
1403.5 280.406005859375
1404.5 280.3869934082031
1405.5 280.3760070800781
1406.5 280.3689880371094
1407.5 280.3590087890625
1408.5 280.3580017089844
1409.5 280.3489990234375
1410.5 280.34698486328125
1411.5 280.343994140625
1412.5 280.3389892578125
1413.5 280.3299865722656
1414.5 280.3240051269531
1415.5 280.3179931640625
1416.5 280.3039855957031
1417.5 280.2980041503906
1418.5 280.2900085449219
1419.5 280.281005859375
1420.5 280.27398681640625
1421.5 280.2720031738281
1422.5 280.2659912109375
1423.5 280.26300048828125
1424.5 280.27398681640625
1425.5 280.29998779296875
1426.5 280.3039855957031
1427.5 280.3240051269531
1428.5 280.3340148925781
1429.5 280.3760070800781
1430.5 280.4100036621094
1431.5 280.4219970703125
1432.5 280.427001953125
1433.5 280.42498779296875
1434.5 280.4339904785156
1435.5 280.43798828125
1436.5 280.4280090332031
1437.5 280.4649963378906
1438.5 280.48699951171875
1439.5 280.51800537109375
1440.5 280.5509948730469
1441.5 280.5790100097656
1442.5 280.6300048828125
1443.5 280.6719970703125
1444.5 280.71600341796875
1445.5 280.7539978027344
1446.5 280.7900085449219
1447.5 280.8290100097656
1448.5 280.8689880371094
1449.5 280.9110107421875
1450.5 280.95098876953125
1451.5 280.989990234375
1452.5 281.02398681640625
1453.5 281.0580139160156
1454.5 281.0880126953125
1455.5 281.10198974609375
1456.5 281.1090087890625
1457.5 281.114990234375
1458.5 281.10198974609375
1459.5 281.1099853515625
1460.5 281.1340026855469
1461.5 281.1600036621094
1462.5 281.1789855957031
1463.5 281.1940002441406
1464.5 281.2309875488281
1465.5 281.2650146484375
1466.5 281.3009948730469
1467.5 281.33599853515625
1468.5 281.37799072265625
1469.5 281.41400146484375
1470.5 281.4549865722656
1471.5 281.4700012207031
1472.5 281.4930114746094
1473.5 281.52099609375
1474.5 281.5589904785156
1475.5 281.59100341796875
1476.5 281.6289978027344
1477.5 281.65899658203125
1478.5 281.7099914550781
1479.5 281.76300048828125
1480.5 281.8240051269531
1481.5 281.87701416015625
1482.5 281.9309997558594
1483.5 281.989990234375
1484.5 282.0469970703125
1485.5 282.1059875488281
1486.5 282.16400146484375
1487.5 282.2250061035156
1488.5 282.2749938964844
1489.5 282.3290100097656
1490.5 282.3919982910156
1491.5 282.447998046875
1492.5 282.5010070800781
1493.5 282.55999755859375
1494.5 282.6130065917969
1495.5 282.6700134277344
1496.5 282.7229919433594
1497.5 282.7749938964844
1498.5 282.83099365234375
1499.5 282.88800048828125
1500.5 282.94000244140625
1501.5 282.9960021972656
1502.5 283.0409851074219
1503.5 283.0870056152344
1504.5 283.135986328125
1505.5 283.1780090332031
1506.5 283.2179870605469
1507.5 283.24798583984375
1508.5 283.27398681640625
1509.5 283.302001953125
1510.5 283.3330078125
1511.5 283.3710021972656
1512.5 283.40399169921875
1513.5 283.4360046386719
1514.5 283.4670104980469
1515.5 283.5
1516.5 283.52899169921875
1517.5 283.5379943847656
1518.5 283.55499267578125
1519.5 283.5580139160156
1520.5 283.5580139160156
1521.5 283.5589904785156
1522.5 283.5480041503906
1523.5 283.5400085449219
1524.5 283.52801513671875
1525.5 283.51300048828125
1526.5 283.5039978027344
1527.5 283.4939880371094
1528.5 283.4830017089844
1529.5 283.4809875488281
1530.5 283.48199462890625
1531.5 283.47198486328125
1532.5 283.4530029296875
1533.5 283.4599914550781
1534.5 283.4580078125
1535.5 283.4540100097656
1536.5 283.4419860839844
1537.5 283.4289855957031
1538.5 283.4020080566406
1539.5 283.3800048828125
1540.5 283.3389892578125
1541.5 283.3110046386719
1542.5 283.2550048828125
1543.5 283.2080078125
1544.5 283.15399169921875
1545.5 283.09100341796875
1546.5 283.03399658203125
1547.5 282.9830017089844
1548.5 282.9209899902344
1549.5 282.8659973144531
1550.5 282.79901123046875
1551.5 282.73699951171875
1552.5 282.68701171875
1553.5 282.6260070800781
1554.5 282.56500244140625
1555.5 282.4949951171875
1556.5 282.4490051269531
1557.5 282.3949890136719
1558.5 282.3340148925781
1559.5 282.26300048828125
1560.5 282.2139892578125
1561.5 282.1470031738281
1562.5 282.0799865722656
1563.5 282.010986328125
1564.5 281.92999267578125
1565.5 281.8559875488281
1566.5 281.7869873046875
1567.5 281.7130126953125
1568.5 281.6210021972656
1569.5 281.5369873046875
1570.5 281.46099853515625
1571.5 281.37701416015625
1572.5 281.302001953125
1573.5 281.22900390625
1574.5 281.1449890136719
1575.5 281.04998779296875
1576.5 280.95599365234375
1577.5 280.8680114746094
1578.5 280.77398681640625
1579.5 280.67999267578125
1580.5 280.5840148925781
1581.5 280.4800109863281
1582.5 280.3819885253906
1583.5 280.281005859375
1584.5 280.17999267578125
1585.5 280.0830078125
1586.5 279.9859924316406
1587.5 279.885986328125
1588.5 279.78399658203125
1589.5 279.67498779296875
1590.5 279.5690002441406
1591.5 279.4670104980469
1592.5 279.3529968261719
1593.5 279.23699951171875
1594.5 279.11700439453125
1595.5 278.9859924316406
1596.5 278.86700439453125
1597.5 278.7309875488281
1598.5 278.6189880371094
1599.5 278.531005859375
1600.5 278.44000244140625
1601.5 278.3760070800781
1602.5 278.30499267578125
1603.5 278.2170104980469
1604.5 278.1400146484375
1605.5 278.06298828125
1606.5 278.00299072265625
1607.5 277.9570007324219
1608.5 277.89599609375
1609.5 277.8210144042969
1610.5 277.7929992675781
1611.5 277.760009765625
1612.5 277.7640075683594
1613.5 277.7560119628906
1614.5 277.70599365234375
1615.5 277.635986328125
1616.5 277.5710144042969
1617.5 277.49700927734375
1618.5 277.4339904785156
1619.5 277.3590087890625
1620.5 277.2869873046875
1621.5 277.218994140625
1622.5 277.1629943847656
1623.5 277.09100341796875
1624.5 277.0400085449219
1625.5 276.9949951171875
1626.5 276.93798828125
1627.5 276.8819885253906
1628.5 276.843994140625
1629.5 276.7959899902344
1630.5 276.75
1631.5 276.7149963378906
1632.5 276.67999267578125
1633.5 276.65301513671875
1634.5 276.62701416015625
1635.5 276.6050109863281
1636.5 276.5799865722656
1637.5 276.5530090332031
1638.5 276.5369873046875
1639.5 276.51800537109375
1640.5 276.50201416015625
1641.5 276.489990234375
1642.5 276.48199462890625
1643.5 276.4729919433594
1644.5 276.4649963378906
1645.5 276.4530029296875
1646.5 276.4410095214844
1647.5 276.43499755859375
1648.5 276.42999267578125
1649.5 276.4230041503906
1650.5 276.4169921875
1651.5 276.4079895019531
1652.5 276.3970031738281
1653.5 276.39898681640625
1654.5 276.385986328125
1655.5 276.3710021972656
1656.5 276.364013671875
1657.5 276.3590087890625
1658.5 276.3450012207031
1659.5 276.3320007324219
1660.5 276.3190002441406
1661.5 276.3080139160156
1662.5 276.3080139160156
1663.5 276.2950134277344
1664.5 276.2980041503906
1665.5 276.2850036621094
1666.5 276.27398681640625
1667.5 276.2720031738281
1668.5 276.281005859375
1669.5 276.2850036621094
1670.5 276.2909851074219
1671.5 276.30499267578125
1672.5 276.31500244140625
1673.5 276.3320007324219
1674.5 276.3479919433594
1675.5 276.3680114746094
1676.5 276.36700439453125
1677.5 276.3869934082031
1678.5 276.406005859375
1679.5 276.43798828125
1680.5 276.4620056152344
1681.5 276.5050048828125
1682.5 276.5360107421875
1683.5 276.5690002441406
1684.5 276.6080017089844
1685.5 276.6340026855469
1686.5 276.65399169921875
1687.5 276.677001953125
1688.5 276.6960144042969
1689.5 276.7099914550781
1690.5 276.71099853515625
1691.5 276.7279968261719
1692.5 276.7239990234375
1693.5 276.7300109863281
1694.5 276.7489929199219
1695.5 276.74700927734375
1696.5 276.75
1697.5 276.739013671875
1698.5 276.7460021972656
1699.5 276.74798583984375
1700.5 276.74700927734375
1701.5 276.7460021972656
1702.5 276.75
1703.5 276.75799560546875
1704.5 276.7569885253906
1705.5 276.7550048828125
1706.5 276.7489929199219
1707.5 276.7430114746094
1708.5 276.7449951171875
1709.5 276.739013671875
1710.5 276.7359924316406
1711.5 276.7409973144531
1712.5 276.7330017089844
1713.5 276.7309875488281
1714.5 276.7250061035156
1715.5 276.7229919433594
1716.5 276.7170104980469
1717.5 276.71600341796875
1718.5 276.7170104980469
1719.5 276.7099914550781
1720.5 276.70599365234375
1721.5 276.69500732421875
1722.5 276.697998046875
1723.5 276.70098876953125
1724.5 276.70001220703125
1725.5 276.7080078125
1726.5 276.7179870605469
1727.5 276.718994140625
1728.5 276.7120056152344
1729.5 276.7070007324219
1730.5 276.7149963378906
1731.5 276.7229919433594
1732.5 276.7300109863281
1733.5 276.7330017089844
1734.5 276.739013671875
1735.5 276.75299072265625
1736.5 276.760009765625
1737.5 276.77301025390625
1738.5 276.7900085449219
1739.5 276.81201171875
1740.5 276.8349914550781
1741.5 276.8550109863281
1742.5 276.8760070800781
1743.5 276.9010009765625
1744.5 276.9259948730469
1745.5 276.9530029296875
1746.5 276.9859924316406
1747.5 277.0140075683594
1748.5 277.04400634765625
1749.5 277.0799865722656
1750.5 277.1090087890625
1751.5 277.1470031738281
1752.5 277.18798828125
1753.5 277.22900390625
1754.5 277.26300048828125
1755.5 277.3039855957031
1756.5 277.35101318359375
1757.5 277.3890075683594
1758.5 277.4419860839844
1759.5 277.489013671875
1760.5 277.5400085449219
1761.5 277.6050109863281
1762.5 277.66400146484375
1763.5 277.73199462890625
1764.5 277.7959899902344
1765.5 277.8590087890625
1766.5 277.9129943847656
1767.5 277.9580078125
1768.5 278.0169982910156
1769.5 278.0780029296875
1770.5 278.135009765625
1771.5 278.1940002441406
1772.5 278.2699890136719
1773.5 278.3340148925781
1774.5 278.4119873046875
1775.5 278.4909973144531
1776.5 278.58599853515625
1777.5 278.6830139160156
1778.5 278.77398681640625
1779.5 278.8659973144531
1780.5 278.9590148925781
1781.5 279.0539855957031
1782.5 279.1449890136719
1783.5 279.2430114746094
1784.5 279.3399963378906
1785.5 279.4339904785156
1786.5 279.5320129394531
1787.5 279.6289978027344
1788.5 279.72900390625
1789.5 279.83099365234375
1790.5 279.9330139160156
1791.5 280.0369873046875
1792.5 280.1409912109375
1793.5 280.2409973144531
1794.5 280.3320007324219
1795.5 280.4150085449219
1796.5 280.49200439453125
1797.5 280.55499267578125
1798.5 280.62298583984375
1799.5 280.6820068359375
1800.5 280.75299072265625
1801.5 280.8340148925781
1802.5 280.91900634765625
1803.5 280.9939880371094
1804.5 281.072998046875
1805.5 281.1570129394531
1806.5 281.2340087890625
1807.5 281.3219909667969
1808.5 281.40899658203125
1809.5 281.4960021972656
1810.5 281.5660095214844
1811.5 281.64801025390625
1812.5 281.7179870605469
1813.5 281.7900085449219
1814.5 281.8580017089844
1815.5 281.9309997558594
1816.5 281.99200439453125
1817.5 282.0589904785156
1818.5 282.12701416015625
1819.5 282.20001220703125
1820.5 282.2720031738281
1821.5 282.34600830078125
1822.5 282.4150085449219
1823.5 282.47698974609375
1824.5 282.5400085449219
1825.5 282.6180114746094
1826.5 282.6759948730469
1827.5 282.6929931640625
1828.5 282.6929931640625
1829.5 282.7080078125
1830.5 282.760986328125
1831.5 282.82501220703125
1832.5 282.8909912109375
1833.5 282.9219970703125
1834.5 282.96600341796875
1835.5 283.02801513671875
1836.5 283.08599853515625
1837.5 283.14898681640625
1838.5 283.197998046875
1839.5 283.25299072265625
1840.5 283.3110046386719
1841.5 283.3819885253906
1842.5 283.4670104980469
1843.5 283.5279846191406
1844.5 283.5660095214844
1845.5 283.6090087890625
1846.5 283.7250061035156
1847.5 283.84698486328125
1848.5 283.9360046386719
1849.5 284.0679931640625
1850.5 284.2070007324219
1851.5 284.3169860839844
1852.5 284.45098876953125
1853.5 284.5979919433594
1854.5 284.7309875488281
1855.5 284.84600830078125
1856.5 284.9410095214844
1857.5 285.04901123046875
1858.5 285.2040100097656
1859.5 285.3689880371094
1860.5 285.5450134277344
1861.5 285.739013671875
1862.5 285.9330139160156
1863.5 286.1000061035156
1864.5 286.27099609375
1865.5 286.4419860839844
1866.5 286.614013671875
1867.5 286.781005859375
1868.5 286.9549865722656
1869.5 287.1050109863281
1870.5 287.2250061035156
1871.5 287.3550109863281
1872.5 287.4939880371094
1873.5 287.66400146484375
1874.5 287.8599853515625
1875.5 288.0610046386719
1876.5 288.2909851074219
1877.5 288.5199890136719
1878.5 288.75201416015625
1879.5 288.9930114746094
1880.5 289.22100830078125
1881.5 289.4700012207031
1882.5 289.73699951171875
1883.5 290.0190124511719
1884.5 290.26300048828125
1885.5 290.5119934082031
1886.5 290.7969970703125
1887.5 291.1000061035156
1888.5 291.41400146484375
1889.5 291.76300048828125
1890.5 292.1130065917969
1891.5 292.4580078125
1892.5 292.8160095214844
1893.5 293.1669921875
1894.5 293.47698974609375
1895.5 293.7909851074219
1896.5 294.0790100097656
1897.5 294.364990234375
1898.5 294.64599609375
1899.5 294.9540100097656
1900.5 295.29998779296875
1901.5 295.67498779296875
1902.5 296.0069885253906
1903.5 296.32501220703125
1904.5 296.65399169921875
1905.5 296.9540100097656
1906.5 297.28900146484375
1907.5 297.6619873046875
1908.5 298.0979919433594
1909.5 298.51800537109375
1910.5 298.9360046386719
1911.5 299.3769836425781
1912.5 299.8289794921875
1913.5 300.3529968261719
1914.5 300.9100036621094
1915.5 301.4189758300781
1916.5 301.9369812011719
1917.5 302.4849853515625
1918.5 303.010986328125
1919.5 303.448974609375
1920.5 303.8139953613281
1921.5 304.2460021972656
1922.5 304.5999755859375
1923.5 304.9449768066406
1924.5 305.27099609375
1925.5 305.6299743652344
1926.5 305.81298828125
1927.5 305.9539794921875
1928.5 306.1769714355469
1929.5 306.3289794921875
1930.5 306.4949951171875
1931.5 306.6199951171875
1932.5 306.8219909667969
1933.5 307.0929870605469
1934.5 307.4019775390625
1935.5 307.78497314453125
1936.5 308.22698974609375
1937.5 309.0119934082031
1938.5 309.76397705078125
1939.5 310.2939758300781
1940.5 310.8509826660156
1941.5 311.3569641113281
1942.5 311.81097412109375
1943.5 312.1719665527344
1944.5 312.3899841308594
1945.5 312.4129638671875
1946.5 312.3849792480469
1947.5 312.3899841308594
1948.5 312.4859619140625
1949.5 312.5209655761719
1950.5 312.6319580078125
1951.5 312.82098388671875
1952.5 313.01397705078125
1953.5 313.34197998046875
1954.5 313.72998046875
1955.5 314.094970703125
1956.5 314.41497802734375
1957.5 314.6979675292969
1958.5 314.9919738769531
1959.5 315.344970703125
1960.5 315.8069763183594
1961.5 316.6249694824219
1962.5 317.2989501953125
1963.5 318.0439758300781
1964.5 318.64996337890625
1965.5 319.33294677734375
1966.5 319.8159484863281
1967.5 320.8799743652344
1968.5 321.4799499511719
1969.5 322.3889465332031
1970.5 323.2509460449219
1971.5 324.782958984375
1972.5 325.39996337890625
1973.5 327.3489685058594
1974.5 329.9089660644531
1975.5 330.7559509277344
1976.5 330.82696533203125
1977.5 331.5449523925781
1978.5 333.3529357910156
1979.5 335.00994873046875
1980.5 336.6049499511719
1981.5 338.7049560546875
1982.5 340.0589599609375
1983.5 340.6439514160156
1984.5 342.2659606933594
1985.5 344.0079345703125
1986.5 345.4589538574219
1987.5 346.9029541015625
1988.5 348.7749328613281
1989.5 351.27593994140625
1990.5 352.8939208984375
1991.5 354.07293701171875
1992.5 355.3529357910156
1993.5 356.22894287109375
1994.5 356.9249572753906
1995.5 358.25396728515625
1996.5 360.23895263671875
1997.5 362.0049743652344
1998.5 363.251953125
1999.5 365.9329528808594
2000.5 367.844970703125
2001.5 369.1249694824219
2002.5 370.6730041503906
2003.5 372.8349914550781
2004.5 375.4109802246094
2005.5 376.98699951171875
2006.5 378.9070129394531
2007.5 381.010009765625
2008.5 382.60302734375
2009.5 384.739013671875
2010.5 386.280029296875
2011.5 388.717041015625
2012.5 390.9440002441406
2013.5 393.0159912109375
2014.5 395.7249755859375
2015.5 397.5469665527344
2015.5 399.94879150390625
2016.5 403.1169738769531
2017.5 405.7939758300781
2018.5 408.75994873046875
2019.5 411.7899475097656
2020.5 414.8909606933594
2021.5 418.0649719238281
2022.5 421.3349609375
2023.5 424.720947265625
2024.5 428.2199401855469
2025.5 431.8299560546875
2026.5 435.5499572753906
2027.5 439.3779602050781
2028.5 443.31494140625
2029.5 447.3609619140625
2030.5 451.51495361328125
2031.5 455.7789611816406
2032.5 460.1639404296875
2033.5 464.68194580078125
2034.5 469.3309326171875
2035.5 474.1119384765625
2036.5 479.0249328613281
2037.5 484.0719299316406
2038.5 489.2519226074219
2039.5 494.5669250488281
2040.5 500.0189208984375
2041.5 505.6079406738281
2042.5 511.3419189453125
2043.5 517.2279052734375
2044.5 523.2669067382812
2045.5 529.4598999023438
2046.5 535.8088989257812
2047.5 542.3139038085938
2048.5 548.9769287109375
2049.5 555.7999267578125
2050.5 562.783935546875
2051.5 569.929931640625
2052.5 577.2579345703125
2053.5 584.783935546875
2054.5 592.5068969726562
2055.5 600.4288940429688
2056.5 608.5499267578125
2057.5 616.8699340820312
2058.5 625.3909301757812
2059.5 634.1138916015625
2060.5 643.0408935546875
2061.5 652.171875
2062.5 661.5068969726562
2063.5 671.044921875
2064.5 680.7888793945312
2065.5 690.7388916015625
2066.5 700.8988647460938
2067.5 711.2688598632812
2068.5 721.8508911132812
2069.5 732.6478881835938
2070.5 743.661865234375
2071.5 754.8928833007812
2072.5 766.3228759765625
2073.5 777.9298706054688
2074.5 789.7188720703125
2075.5 801.6908569335938
2076.5 813.847900390625
2077.5 826.19287109375
2078.5 838.7268676757812
2079.5 851.4518432617188
2080.5 864.368896484375
2081.5 877.4798583984375
2082.5 890.7088623046875
2083.5 903.9808959960938
2084.5 917.3008422851562
2085.5 930.6708374023438
2086.5 944.0918579101562
2087.5 957.56689453125
2088.5 971.0958862304688
2089.5 984.6808471679688
2090.5 998.3208618164062
2091.5 1012.0198364257812
2092.5 1025.7398681640625
2093.5 1039.4498291015625
2094.5 1053.14990234375
2095.5 1066.849853515625
2096.5 1080.5299072265625
2097.5 1094.2098388671875
2098.5 1107.889892578125
2099.5 1121.5499267578125
2100.5 1135.2098388671875
2101.5 1148.85986328125
2102.5 1162.4698486328125
2103.5 1176.0299072265625
2104.5 1189.5299072265625
2105.5 1202.9798583984375
2106.5 1216.369873046875
2107.5 1229.6998291015625
2108.5 1242.9698486328125
2109.5 1256.1898193359375
2110.5 1269.349853515625
2111.5 1282.4498291015625
2112.5 1295.4898681640625
2113.5 1308.4698486328125
2114.5 1321.389892578125
2115.5 1334.2498779296875
2116.5 1347.0499267578125
2117.5 1359.7799072265625
2118.5 1372.43994140625
2119.5 1385.0399169921875
2120.5 1397.5699462890625
2121.5 1410.0399169921875
2122.5 1422.429931640625
2123.5 1434.7598876953125
2124.5 1447.0098876953125
2125.5 1459.18994140625
2126.5 1471.2899169921875
2127.5 1483.3199462890625
2128.5 1495.2799072265625
2129.5 1507.159912109375
2130.5 1518.9598388671875
2131.5 1530.679931640625
2132.5 1542.3199462890625
2133.5 1553.8798828125
2134.5 1565.35986328125
2135.5 1576.7598876953125
2136.5 1588.0799560546875
2137.5 1599.3099365234375
2138.5 1610.449951171875
2139.5 1621.5098876953125
2140.5 1632.4898681640625
2141.5 1643.3798828125
2142.5 1654.169921875
2143.5 1664.8798828125
2144.5 1675.5098876953125
2145.5 1686.0399169921875
2146.5 1696.4798583984375
2147.5 1706.8199462890625
2148.5 1717.0799560546875
2149.5 1727.2398681640625
2150.5 1737.3199462890625
2151.5 1747.2899169921875
2152.5 1757.169921875
2153.5 1766.949951171875
2154.5 1776.639892578125
2155.5 1786.219970703125
2156.5 1795.699951171875
2157.5 1805.0799560546875
2158.5 1814.35986328125
2159.5 1823.5399169921875
2160.5 1832.60986328125
2161.5 1841.5799560546875
2162.5 1850.4599609375
2163.5 1859.219970703125
2164.5 1867.889892578125
2165.5 1876.449951171875
2166.5 1884.89990234375
2167.5 1893.2398681640625
2168.5 1901.4898681640625
2169.5 1909.619873046875
2170.5 1917.64990234375
2171.5 1925.5799560546875
2172.5 1933.39990234375
2173.5 1941.1099853515625
2174.5 1948.7099609375
2175.5 1956.2099609375
2176.5 1963.5999755859375
2177.5 1970.8798828125
2178.5 1978.0499267578125
2179.5 1985.1099853515625
2180.5 1992.0699462890625
2181.5 1998.929931640625
2182.5 2005.669921875
2183.5 2012.2999267578125
2184.5 2018.8299560546875
2185.5 2025.25
2186.5 2031.5599365234375
2187.5 2037.7598876953125
2188.5 2043.8499755859375
2189.5 2049.81005859375
2190.5 2055.659912109375
2191.5 2061.419921875
2192.5 2067.08984375
2193.5 2072.639892578125
2194.5 2078.06005859375
2195.5 2083.3798828125
2196.5 2088.58984375
2197.5 2093.679931640625
2198.5 2098.669921875
2199.5 2103.5400390625
2200.5 2108.31005859375
2201.5 2112.9599609375
2202.5 2117.510009765625
2203.5 2121.949951171875
2204.5 2126.27001953125
2205.5 2130.489990234375
2206.5 2134.58984375
2207.5 2138.599853515625
2208.5 2142.47998046875
2209.5 2146.260009765625
2210.5 2149.929931640625
2211.5 2153.47998046875
2212.5 2156.919921875
2213.5 2160.239990234375
2214.5 2163.4599609375
2215.5 2166.570068359375
2216.5 2169.580078125
2217.5 2172.47998046875
2218.5 2175.27001953125
2219.5 2177.929931640625
2220.5 2180.489990234375
2221.5 2182.949951171875
2222.5 2185.2900390625
2223.5 2187.52001953125
2224.5 2189.64990234375
2225.5 2191.669921875
2226.5 2193.570068359375
2227.5 2195.330078125
2228.5 2197.010009765625
2229.5 2198.590087890625
2230.5 2200.070068359375
2231.5 2201.429931640625
2232.5 2202.659912109375
2233.5 2203.7900390625
2234.5 2204.81005859375
2235.5 2205.72998046875
2236.5 2206.530029296875
2237.5 2207.22998046875
2238.5 2207.81005859375
2239.5 2208.2900390625
2240.5 2208.64990234375
2241.5 2208.909912109375
2242.5 2209.070068359375
2243.5 2209.110107421875
2244.5 2209.030029296875
2245.5 2208.840087890625
2246.5 2208.570068359375
2247.5 2208.18994140625
2248.5 2207.68994140625
2249.5 2207.070068359375
2250.5 2206.35009765625
2251.5 2205.52001953125
2252.5 2204.639892578125
2253.5 2203.75
2254.5 2202.860107421875
2255.5 2201.969970703125
2256.5 2201.10009765625
2257.5 2200.219970703125
2258.5 2199.340087890625
2259.5 2198.43994140625
2260.5 2197.5400390625
2261.5 2196.6298828125
2262.5 2195.72998046875
2263.5 2194.830078125
2264.5 2193.949951171875
2265.5 2193.06005859375
2266.5 2192.159912109375
2267.5 2191.25
2268.5 2190.340087890625
2269.5 2189.429931640625
2270.5 2188.530029296875
2271.5 2187.6201171875
2272.5 2186.719970703125
2273.5 2185.820068359375
2274.5 2184.89990234375
2275.5 2183.989990234375
2276.5 2183.090087890625
2277.5 2182.18994140625
2278.5 2181.2900390625
2279.5 2180.39990234375
2280.5 2179.5
2281.5 2178.60009765625
2282.5 2177.699951171875
2283.5 2176.800048828125
2284.5 2175.909912109375
2285.5 2175.010009765625
2286.5 2174.1201171875
2287.5 2173.22998046875
2288.5 2172.340087890625
2289.5 2171.4599609375
2290.5 2170.570068359375
2291.5 2169.679931640625
2292.5 2168.7900390625
2293.5 2167.909912109375
2294.5 2167.030029296875
2295.5 2166.139892578125
2296.5 2165.27001953125
2297.5 2164.39990234375
2298.5 2163.52001953125
2299.5 2162.6298828125
2300.5 2161.739990234375
2301.5 2160.8701171875
2302.5 2160.0
2303.5 2159.139892578125
2304.5 2158.27001953125
2305.5 2157.39990234375
2306.5 2156.530029296875
2307.5 2155.659912109375
2308.5 2154.7900390625
2309.5 2153.919921875
2310.5 2153.06005859375
2311.5 2152.219970703125
2312.5 2151.3701171875
2313.5 2150.52001953125
2314.5 2149.659912109375
2315.5 2148.81005859375
2316.5 2147.949951171875
2317.5 2147.090087890625
2318.5 2146.239990234375
2319.5 2145.389892578125
2320.5 2144.5400390625
2321.5 2143.699951171875
2322.5 2142.860107421875
2323.5 2142.02001953125
2324.5 2141.169921875
2325.5 2140.31005859375
2326.5 2139.4599609375
2327.5 2138.6201171875
2328.5 2137.800048828125
2329.5 2136.9599609375
2330.5 2136.139892578125
2331.5 2135.320068359375
2332.5 2134.469970703125
2333.5 2133.6201171875
2334.5 2132.800048828125
2335.5 2131.989990234375
2336.5 2131.139892578125
2337.5 2130.2900390625
2338.5 2129.469970703125
2339.5 2128.64990234375
2340.5 2127.830078125
2341.5 2127.0
2342.5 2126.179931640625
2343.5 2125.3798828125
2344.5 2124.570068359375
2345.5 2123.75
2346.5 2122.919921875
2347.5 2122.10009765625
2348.5 2121.2900390625
2349.5 2120.47998046875
2350.5 2119.669921875
2351.5 2118.860107421875
2352.5 2118.050048828125
2353.5 2117.239990234375
2354.5 2116.429931640625
2355.5 2115.6298828125
2356.5 2114.820068359375
2357.5 2114.02001953125
2358.5 2113.2099609375
2359.5 2112.409912109375
2360.5 2111.60009765625
2361.5 2110.81005859375
2362.5 2110.010009765625
2363.5 2109.219970703125
2364.5 2108.419921875
2365.5 2107.6201171875
2366.5 2106.830078125
2367.5 2106.030029296875
2368.5 2105.239990234375
2369.5 2104.449951171875
2370.5 2103.659912109375
2371.5 2102.8798828125
2372.5 2102.090087890625
2373.5 2101.300048828125
2374.5 2100.530029296875
2375.5 2099.739990234375
2376.5 2098.949951171875
2377.5 2098.169921875
2378.5 2097.389892578125
2379.5 2096.610107421875
2380.5 2095.830078125
2381.5 2095.0400390625
2382.5 2094.260009765625
2383.5 2093.489990234375
2384.5 2092.72998046875
2385.5 2091.949951171875
2386.5 2091.169921875
2387.5 2090.389892578125
2388.5 2089.6201171875
2389.5 2088.8701171875
2390.5 2088.090087890625
2391.5 2087.300048828125
2392.5 2086.550048828125
2393.5 2085.800048828125
2394.5 2085.030029296875
2395.5 2084.25
2396.5 2083.47998046875
2397.5 2082.72998046875
2398.5 2081.969970703125
2399.5 2081.22998046875
2400.5 2080.47998046875
2401.5 2079.699951171875
2402.5 2078.949951171875
2403.5 2078.219970703125
2404.5 2077.4599609375
2405.5 2076.68994140625
2406.5 2075.93994140625
2407.5 2075.18994140625
2408.5 2074.43994140625
2409.5 2073.68994140625
2410.5 2072.949951171875
2411.5 2072.199951171875
2412.5 2071.43994140625
2413.5 2070.7099609375
2414.5 2069.969970703125
2415.5 2069.219970703125
2416.5 2068.47998046875
2417.5 2067.739990234375
2418.5 2067.0
2419.5 2066.260009765625
2420.5 2065.530029296875
2421.5 2064.7900390625
2422.5 2064.050048828125
2423.5 2063.320068359375
2424.5 2062.590087890625
2425.5 2061.860107421875
2426.5 2061.1298828125
2427.5 2060.39990234375
2428.5 2059.659912109375
2429.5 2058.929931640625
2430.5 2058.2099609375
2431.5 2057.489990234375
2432.5 2056.77001953125
2433.5 2056.050048828125
2434.5 2055.320068359375
2435.5 2054.60009765625
2436.5 2053.8701171875
2437.5 2053.139892578125
2438.5 2052.419921875
2439.5 2051.699951171875
2440.5 2050.97998046875
2441.5 2050.260009765625
2442.5 2049.550048828125
2443.5 2048.830078125
2444.5 2048.1201171875
2445.5 2047.4100341796875
2446.5 2046.699951171875
2447.5 2045.97998046875
2448.5 2045.280029296875
2449.5 2044.5799560546875
2450.5 2043.8800048828125
2451.5 2043.1700439453125
2452.5 2042.4599609375
2453.5 2041.75
2454.5 2041.050048828125
2455.5 2040.3599853515625
2456.5 2039.6500244140625
2457.5 2038.93994140625
2458.5 2038.239990234375
2459.5 2037.550048828125
2460.5 2036.8599853515625
2461.5 2036.1500244140625
2462.5 2035.449951171875
2463.5 2034.75
2464.5 2034.06005859375
2465.5 2033.3699951171875
2466.5 2032.68994140625
2467.5 2032.0
2468.5 2031.300048828125
2469.5 2030.5999755859375
2470.5 2029.9200439453125
2471.5 2029.239990234375
2472.5 2028.550048828125
2473.5 2027.8499755859375
2474.5 2027.1600341796875
2475.5 2026.469970703125
2476.5 2025.7900390625
2477.5 2025.1099853515625
2478.5 2024.4300537109375
2479.5 2023.739990234375
2480.5 2023.0699462890625
2481.5 2022.4200439453125
2482.5 2021.719970703125
2483.5 2021.0400390625
2484.5 2020.4000244140625
2485.5 2019.699951171875
2486.5 2019.02001953125
2487.5 2018.3699951171875
2488.5 2017.6700439453125
2489.5 2016.989990234375
2490.5 2016.3499755859375
2491.5 2015.6800537109375
2492.5 2015.0
2493.5 2014.3299560546875
2494.5 2013.6700439453125
2495.5 2013.010009765625
2496.5 2012.3399658203125
2497.5 2011.6700439453125
2498.5 2011.010009765625
2499.5 2010.3599853515625
2500.5 2010.02001953125
